.Random.seed <-
c(403L, 10L, -1605460984L, 1464379062L, -541755919L, -1633547229L, 
176686194L, 410343108L, 1429483655L, 1170478173L, -2033624492L, 
-323186566L, 1268904901L, 1696851231L, 1546560678L, 57472560L, 
451718355L, 1596785393L, 653480480L, -390540098L, -782507831L, 
-1671224709L, -751523766L, -878241620L, 1322860463L, -1639781531L, 
-2100182756L, 2062821746L, 1362475501L, -627536345L, -1067164082L, 
-527318360L, 1373061291L, 102828489L, -2009872936L, 1242428550L, 
-1407461023L, -1954710285L, -948829342L, 2048200148L, 1658685655L, 
-399844659L, -1345033628L, -869359542L, 1614972341L, 395389199L, 
-575924714L, 243757248L, 781805187L, -2055994719L, -2027699056L, 
-924299410L, 1741834521L, -1169700437L, -189102182L, -1266378916L, 
1267697247L, 408655413L, -1346120244L, -656149214L, -1110630531L, 
1327494263L, -1862268514L, 1860001880L, -441320005L, -463899815L, 
402440424L, 1527251222L, 806642321L, 754044739L, -1716983214L, 
1776770276L, 937314087L, 1525703549L, -764553612L, -445937574L, 
-703549275L, 1569927871L, 1222863174L, 1862238160L, -1971226125L, 
-1598139119L, 331206976L, -1592868578L, -782617111L, -292079845L, 
531562794L, -168453556L, 849954319L, -2057639611L, -292556036L, 
1240574290L, -911393075L, -102017401L, 1550369134L, 1892916040L, 
-317808821L, 326100649L, -171934728L, 1540653862L, -1802558399L, 
-2038061613L, -211810430L, 331926452L, -1634139337L, -1774304723L, 
813212484L, -1635055510L, -758271275L, -1935176593L, 72910198L, 
-2115080544L, -2068370589L, 256638977L, 1160874864L, 6365966L, 
1375985017L, -335922933L, 1299589690L, 1931362620L, -53801345L, 
-1078585899L, -1216312340L, 808889666L, -1054829923L, -1008500969L, 
-1492984194L, 970006072L, 357984539L, 1321340537L, 819153608L, 
-161367306L, -133516495L, -1351195805L, -983811790L, 687852164L, 
-2013436217L, -449401443L, 449816852L, -719190086L, 1796764165L, 
-497523745L, 512612966L, 181474800L, -964865261L, -1919763279L, 
-9371808L, -21259010L, 332807305L, 1229159355L, 162272650L, 806089836L, 
90705391L, -783186395L, 1534821084L, -113862478L, 611310509L, 
-1983537305L, -189182834L, 681150824L, 1486141803L, -983311607L, 
-1528238696L, 816643270L, -738302431L, 94766771L, 1807805474L, 
-1262717420L, -427791721L, 1374569613L, -1055798876L, -98290806L, 
607838197L, 1952616015L, -1077511850L, 837501952L, 1738001731L, 
-1567219487L, 992328272L, -1354438994L, -1676176807L, -517604757L, 
-1779568678L, -1110175588L, -1500380513L, -1874874123L, -326411892L, 
877548642L, -931228611L, 2030196407L, 412038494L, 1613388952L, 
42805243L, -783200871L, -1120809432L, -1588504874L, 758047569L, 
1508271619L, -1171117678L, -123758812L, -322168345L, -1427360195L, 
416219316L, 1441871642L, -183075739L, 679867647L, 560190854L, 
124898064L, 686329779L, 630412369L, 510261248L, -47396642L, 430220073L, 
-180044069L, 757226L, 678311308L, -1244402993L, 1644410501L, 
1270682940L, -749496302L, -1540532467L, 1915655239L, -479652306L, 
-566411384L, -457573749L, 2111663209L, 1027174456L, -1189791514L, 
-722534271L, 39268840L, 1597539308L, 531676732L, -457182606L, 
-574654608L, 1907015972L, -157385160L, 1008012698L, 1531336144L, 
-1468272196L, -942728556L, 171153026L, -1131505216L, 193568572L, 
-319641968L, 140829474L, -141595128L, -708040948L, 1391099804L, 
-1587759086L, 722658176L, -70009068L, -1233704664L, -1854089158L, 
185632720L, 1404609132L, -935009228L, -450220910L, 778605920L, 
-1538932404L, -318619168L, 79778L, 1481842600L, 1253715084L, 
1948904380L, -1123303310L, 1062351856L, 1716854852L, -191761320L, 
-320673734L, 117604464L, -665310660L, -887035116L, 2093891266L, 
596434656L, 1865196668L, -1296879408L, -1941945438L, 1493385768L, 
-189391604L, -1966994500L, -1803342542L, 980280512L, -1141162444L, 
-1665415480L, 1997737658L, 331024528L, -956749076L, 1014301268L, 
593012370L, 791722784L, 747060172L, 1747752160L, -1781130558L, 
-1355087832L, 283501484L, -308227396L, 2071617010L, 55062064L, 
1245169572L, -805804616L, 1527285594L, 1466878096L, -570129540L, 
1236982548L, 762306882L, -186825984L, 64120764L, 1548731216L, 
-635081438L, -1024657848L, -180172788L, 1849272412L, -870616622L, 
-703442432L, -1211819692L, -784808728L, -483885830L, 1184685776L, 
1593386284L, 1037920500L, -845525614L, -1654148768L, 1392644108L, 
707057376L, 827247202L, 476767912L, 6997580L, 734684028L, -1620237006L, 
1693652592L, 691284804L, 860742616L, -1030656134L, -1952732624L, 
-1235752004L, 1603228244L, -648928190L, -1438728032L, -1162126660L, 
1464057296L, 1325844322L, -748844312L, 1636512972L, -1470067204L, 
-1814300174L, -1095518592L, 1861055988L, 804573832L, -725729478L, 
607108944L, 1048001644L, 1210496404L, -1294433198L, 1241897440L, 
234130636L, -1310734176L, 1365477762L, -102278936L, -2118862100L, 
665740604L, -277879694L, 990547056L, 986657828L, 1379913784L, 
-1560173798L, -677550896L, -187821252L, -1987182700L, -1811023998L, 
-1461129792L, 1489056316L, 800381328L, -1734585822L, 1809698056L, 
-379592052L, -267811044L, 475146386L, -1008400000L, 1580747284L, 
-2097994968L, -2012946886L, -1266478640L, -356027028L, -758469708L, 
-931763182L, 1582963168L, 1557920716L, -365942560L, -759193566L, 
1964674344L, 225635852L, 1852152636L, 1460446194L, -1333526800L, 
-1151040956L, 385576536L, 338871098L, 1948942832L, -1142116676L, 
-941241068L, 4855490L, 1241552992L, 480425852L, -946979888L, 
-81425118L, -2141911384L, -777790580L, 1601670332L, -977074382L, 
164248128L, -913690444L, 682850888L, -476467782L, 1565692432L, 
2047604460L, 1222919508L, 1944540434L, -541079136L, 2067691212L, 
-1004159392L, -808498238L, 889309992L, -2133578836L, -392626372L, 
968998258L, 45805360L, -385919708L, 1016197944L, -2113425702L, 
-1785488496L, 745491196L, 36418452L, 1610563650L, -448384768L, 
966745148L, -402098864L, 1888899234L, -1671887544L, -927818996L, 
-848241956L, -328597166L, -1867421568L, 1336962132L, 2108601320L, 
4574458L, -745394352L, -365218004L, 1172151668L, 1173733266L, 
2112965728L, -876903028L, 870867808L, 1349469666L, -1453091928L, 
-714966836L, 604845052L, 1061820489L, -1826049570L, 2038749580L, 
358462813L, -1223740057L, -1942657392L, -435697490L, -1427150501L, 
890355005L, 223727530L, -1457190840L, -730242959L, -817861149L, 
-1581029148L, -1673042926L, -276623385L, -553912399L, 992143862L, 
617223188L, 278924069L, 1485868079L, 739597800L, -1846527290L, 
526934899L, 850586581L, -1742613582L, -826096256L, 1458683241L, 
176976347L, 854513964L, -748872902L, -35957265L, 474321017L, 
-1466082546L, 1838550748L, 649329997L, 1394913463L, -1652217280L, 
-1753763042L, 228719083L, 1271838061L, 302423002L, -804745832L, 
-1763855359L, 1800512947L, -1512706860L, -2006271518L, 538219639L, 
1246218689L, 425292614L, -2007867772L, 984320053L, 566761503L, 
1817337720L, -596175274L, -182277405L, 1425919141L, 1881625922L, 
982213424L, -1671821479L, 1697811659L, -318292676L, 1690655082L, 
1223504799L, -90501591L, -166784834L, -993007188L, -1387202819L, 
1992454727L, -775266000L, -1454880178L, -545533317L, 1535988189L, 
1029412874L, 1580157224L, -116885615L, -1205741181L, -830884220L, 
1761240242L, 1441936391L, -658087855L, 1603801046L, 1218690740L, 
1181081285L, -1561366513L, 1169399944L, -765648474L, 816535891L, 
1531505333L, -636649454L, 1476792800L, 2053833801L, -709782917L, 
-598222004L, 166088410L, -1265720625L, 70206105L, -2077651282L, 
576981948L, 1121858605L, 398777303L, -1762348512L, 292459390L, 
136740171L, -449724595L, 2040059258L, 831702968L, 1147182433L, 
-1262055149L, 1493264692L, 62235458L, -1321495721L, -722521439L, 
-851328154L, -641122972L, 1503750293L, -1050646081L, -908378792L, 
747275126L, 1173946755L, 611910597L, -824043294L, 1613749584L, 
1498344569L, 2032762795L, -243153636L, -1790283190L, -1457146305L, 
-2123101559L, 1127542430L, 1128729420L, 1637763869L, 1136679591L, 
-1108708912L, 1733548398L, 2002502683L, -273232515L, 1904675690L, 
-685666808L, 1316135601L, -1418441437L, -1196237276L, 133313746L, 
160347431L, 11878257L, 964959670L, -1725782700L, -1882553371L, 
